Fs = 10e6;
f0 = 10e5;
T = 10e-6;
w0 = 2*pi*f0;
phi = pi/8;
A = 1;

n0 = -256;
N = 512;
